Rastgele Atanan Agirliklar 
Giris Katmani Agirliklari
-0.208609    0.596209    -0.407748    0.850748    -0.721799    0.939498    0.270148    -0.161311    0.830074    0.213679    
-0.564466    -0.745259    -0.766638    -0.662959    -0.085007    -0.42598    -0.107947    -0.825426    -0.309626    0.865211    
0.431886    0.755324    0.933902    -0.154078    -0.306693    -0.643756    0.882947    -0.0597958    -0.649028    -0.801532    
-0.9084    0.142363    0.794677    -0.316148    -0.00688968    -0.927122    -0.376649    -0.736742    -0.0884331    -0.546575    
0.476938    0.347101    -0.291834    0.710299    0.684142    0.623159    -0.715681    -0.423805    0.797733    -0.0253076    
-0.558594    0.229618    -0.269984    -0.624692    -0.92446    0.423324    -0.268448    0.958488    -0.636472    0.0825245    
-0.843044    -0.544872    -0.775113    0.951633    0.13898    0.217998    -0.97549    0.762331    0.481256    -0.0639227    
-0.784244    
-0.0418067    
-0.716822    
-0.0760784    
-0.331508    
0.96732    
-0.45292    
-0.0471887    
-0.456486    
-0.655187    

Ierasyon 100000
Giris Katmani Agirliklari
0.824827   44.1713   32.952   2.86865   -22.2512   -50.3747   12.6971   -68.0203   20.4723   29.0924   
-0.542831   -0.0660652   -0.117915   -0.608488   -0.359875   -1.207   0.204186   -2.28715   0.0428847   1.31349   
0.446931   1.75198   1.47235   -0.131604   -0.806302   -1.84701   1.00343   -1.17353   -0.291986   -0.207248   
-0.615077   3.33023   -0.45271   -0.18067   8.6431   -2.84104   3.22447   3.29659   7.33314   -5.09268   
0.484612   0.706742   -0.0721657   0.720194   0.503755   0.184436   -0.638443   -1.01806   0.934821   0.17592   
-0.528961   1.69074   0.744332   -0.555275   -1.57302   -1.29928   0.0942304   -1.13855   -0.0284678   0.995377   
-0.685024   -0.968455   -0.605174   -0.682046   -1.92974   0.679743   -3.16946   -1.81014   -4.30613   1.33034   

Gizli Katmani Agirliklari
-1.15245    
-12.4648    
-8.85061    
-1.47314    
11.2923    
18.1692    
-7.08715    
14.8106    
-4.10419    
-5.82087    
Rastgele Atanan Agirliklar 
Giris Katmani Agirliklari
-0.52974    -0.353267    -0.433737    0.66501    -0.463101    0.885839    0.618224    -0.202204    -0.223498    -0.535498    
-0.564454    0.987016    -0.466318    0.331228    -0.505442    -0.715989    -0.536119    0.152098    0.650342    -0.460067    
-0.445604    0.547423    0.0220297    0.883803    -0.487696    -0.141011    -0.139662    0.448165    0.475464    0.905973    
-0.193723    0.945724    -0.447294    0.372541    0.610733    0.0896046    0.25838    0.228957    0.887401    -0.965118    
0.693459    -0.677053    -0.978102    -0.772859    0.654175    -0.483544    -0.488848    -0.881944    0.668554    -0.838506    
-0.342011    -0.77705    0.708918    0.680019    -0.893246    -0.778778    -0.460992    -0.0329088    0.669387    -0.985528    
-0.126936    -0.524336    0.960196    0.42577    0.848204    0.570929    -0.484626    0.106584    -0.200114    -0.597225    
0.141466    
-0.506655    
-0.274277    
0.163364    
-0.279514    
-0.620102    
0.67982    
0.231638    
-0.502046    
0.348374    

Ierasyon 10000
Giris Katmani Agirliklari
-24.1424   26.1578   -25.4554   0.711368   -2.5625   16.5879   -1.55375   -20.0437   24.2711   -2.07393   
-0.866491   1.32598   -0.794698   0.33248   -0.534173   -0.511473   -0.56384   -0.101464   0.964299   -0.481211   
-0.936979   1.08928   -0.489453   0.885019   -0.530075   0.178071   -0.183624   0.0356947   0.975637   0.875112   
-0.903293   -1.23348   1.81999   -0.120992   0.377274   0.482881   0.147833   -0.887873   1.42289   -0.504899   
0.43208   -0.385472   -1.25669   -0.772364   0.63154   -0.311714   -0.51242   -1.10173   0.937747   -0.854786   
-0.898675   -0.163393   0.125845   0.682381   -0.944108   -0.413004   -0.510729   -0.499513   1.23463   -1.02313   
0.12635   0.104089   -0.994214   -0.58064   -0.393458   -0.643698   -0.468374   0.105537   -1.08738   -0.206081   

Gizli Katmani Agirliklari
12.1224    
-10.8979    
12.4998    
-0.220837    
1.34912    
-7.44772    
1.06493    
9.9965    
-10.9837    
1.44262    
Rastgele Atanan Agirliklar 
Giris Katmani Agirliklari
-0.716186    0.39613    0.363694    -0.275201    -0.203134    -0.206896    -0.374224    -0.948168    0.781487    0.577438    
0.132546    -0.344651    -0.552457    0.0782197    -0.0955631    -0.599069    0.564082    0.196829    0.592246    0.223579    
-0.2143    -0.510602    0.663775    0.630359    -0.911819    0.417406    -0.00508724    0.576928    0.196324    0.540509    
-0.779374    0.480139    -0.0633611    0.58432    -0.795063    0.733504    -0.622576    -0.169287    0.785337    -0.841089    
-0.591849    -0.0821175    -0.185741    -0.144306    0.996102    0.718696    0.256625    0.560185    -0.0844749    -0.151129    
-0.216236    0.701225    0.338269    -0.55246    0.331584    0.42645    0.864946    -0.673504    0.00337745    0.0612701    
0.867006    0.224004    -0.458591    -0.196355    -0.191677    -0.253654    -0.462851    0.185747    0.577059    -0.677514    
0.344657    
0.98521    
0.240368    
-0.841083    
-0.159096    
0.236471    
0.877613    
-0.902471    
-0.203345    
-0.206862    

Ierasyon 50000
Giris Katmani Agirliklari
-67.4614   -19.2927   18.248   41.3953   1.17976   -6.52978   -11.0621   -0.255835   12.4296   17.8822   
-1.01214   -0.665046   -0.278664   0.64719   -0.0763955   -0.674447   0.376465   0.205057   0.786629   0.494935   
-1.46158   -0.862759   1.01606   1.55535   -0.884893   0.268944   -0.182406   0.590454   0.402036   0.870024   
2.05475   -1.58936   0.559422   3.42198   -0.881728   6.99492   -0.832013   -0.445153   0.700299   0.494073   
-1.2098   -0.240529   -0.0337255   0.250966   1.00994   0.664035   0.175096   0.56751   0.0094597   -0.0091672   
-2.09882   0.15813   0.844821   0.643175   0.365208   0.239973   0.566133   -0.659061   0.32654   0.551888   
-0.819777   1.24911   -0.138366   -0.917375   -0.702496   -1.66444   1.12936   -1.28156   -0.888426   -0.128871   

Gizli Katmani Agirliklari
13.8323    
5.05785    
-3.20951    
-15.6257    
-0.35132    
7.50643    
4.78463    
-0.293265    
-3.09031    
-3.09856    
Rastgele Atanan Agirliklar 
Giris Katmani Agirliklari
0.685979    -0.0129809    0.518616    0.253039    -0.56251    -0.474661    -0.634548    -0.651995    -0.915288    0.14071    
0.192215    -0.33562    0.979199    0.826881    -0.928211    0.363134    -0.214083    -0.864899    -0.546093    0.115199    
0.24366    0.246425    -0.898194    0.0498291    -0.26181    -0.305271    0.565292    -0.156379    -0.0617694    0.667868    
0.355711    -0.37579    -0.345113    -0.125673    0.877249    0.092377    0.399666    -0.757299    0.440382    0.484378    
0.383411    -0.367403    -0.851242    0.36261    -0.540522    -0.779453    -0.274257    0.245394    -0.644353    0.17965    
-0.639407    0.599308    -0.573925    -0.537601    -0.350863    0.164266    0.157128    -0.785572    -0.992113    -0.904641    
0.882296    0.363598    -0.280431    -0.462817    -0.762076    -0.403183    0.62956    0.63759    -0.160482    0.0699415    
0.121968    
-0.77707    
0.702538    
0.270726    
0.585539    
-0.837984    
0.491273    
-0.688717    
0.40741    
0.84692    

Ierasyon 100000
Giris Katmani Agirliklari
12.1871   36.0557   -19.6966   24.4873   3.78176   57.9215   -60.4447   -43.1344   -58.3978   -27.3228   
0.263993   -0.0816361   0.657143   1.16406   -0.817453   1.35762   -0.773443   -1.26065   -1.08199   -0.27902   
0.654103   1.54819   -1.51339   0.775942   -0.197794   1.20599   -1.7071   -1.76472   -2.25198   -0.1006   
-4.53286   -3.2537   0.508408   -0.960539   3.38502   -4.95583   -1.68505   -1.69169   -1.70104   -5.4552   
0.427041   -0.290225   -0.95897   0.451967   -0.498549   -0.256974   -0.561898   0.0666692   -0.914258   -0.00713077   
-0.109679   2.39387   -1.57756   0.633005   -0.199136   2.50935   -2.96304   -3.02621   -4.00617   -2.0748   
0.577069   0.394375   -0.870229   -0.409909   -3.1277   2.933   0.208891   0.142095   0.207278   3.62058   

Gizli Katmani Agirliklari
-5.68793    
-8.12442    
5.85092    
-6.01809    
-3.64714    
-8.72895    
19.0752    
12.5083    
18.2977    
6.32001    
Rastgele Atanan Agirliklar 
Giris Katmani Agirliklari
-0.670731    -0.0754455    0.338635    0.543689    
-0.258287    0.655516    -0.994669    -0.796338    
-0.393111    -0.455184    -0.551321    -0.873532    
0.868586    -0.801556    0.542789    -0.0617107    
0.415173    0.321356    0.782415    -0.50812    
0.825088    -0.16143    -0.876058    -0.769295    
0.273979    -0.45807    0.195262    -0.623085    
-0.493533    
0.7879    
0.289083    
-0.164264    

Ierasyon 50000
Giris Katmani Agirliklari
-13.3474   -52.8485   -22.5275   65.767   
-0.467696   -0.171141   -1.39025   0.169465   
-0.632494   -1.4418   -0.941982   0.558529   
3.83186   1.86769   -2.87883   0.878821   
0.292535   -0.133973   0.580728   0.103329   
0.492258   -1.59662   -1.48473   1.1927   
-2.56336   0.0833392   2.15514   -0.0443999   

Gizli Katmani Agirliklari
9.32173    
14.6969    
11.4254    
-25.5378    
Rastgele Atanan Agirliklar 
Giris Katmani Agirliklari
-0.421875    0.382804    0.44789    0.827142    
0.621402    -0.00277683    -0.314801    -0.525951    
0.535862    0.159848    0.55569    -0.364235    
0.839605    0.822682    0.0258649    -0.968034    
0.128778    0.510825    -0.209141    -0.304666    
-0.0370079    -0.545134    0.722137    0.756144    
-0.548235    0.190175    -0.333066    -0.868101    
-0.0150282    
-0.556806    
0.640401    
0.563096    

Ierasyon 0
Giris Katmani Agirliklari
-0.421875   0.382804   0.44789   0.827142   
0.621402   -0.00277683   -0.314801   -0.525951   
0.535862   0.159848   0.55569   -0.364235   
0.839605   0.822682   0.0258649   -0.968034   
0.128778   0.510825   -0.209141   -0.304666   
-0.0370079   -0.545134   0.722137   0.756144   
-0.548235   0.190175   -0.333066   -0.868101   

Gizli Katmani Agirliklari
-0.0150282    
-0.556806    
0.640401    
0.563096    
